accuracy =  0.06077348066298342
accuracy =  0.06353591160220995
accuracy =  0.06353591160220995
