accuracy =  0.04696132596685083
accuracy =  0.04419889502762431
